0110111111111111111111111111111111111111
1001111111111111111111111111111111111111
0111111111111111111111111111111111111111
1111111111111111111111111111111111111111
1111111111111111111111111111111111111111
1111111111111111111111111111111111111111
1111111111111111111111111111111111111111
1111111111111111111111111111111111111111
1111111111111111000000011111111111111111
1111111111111110000000001111111111111111
1111111111111000000000000111111111111111
1111111111111000000000000011111111111111
1111111111110000000000000011111111111111
1111111111110000000000000011111111111111
1111111111110000000000000011111111111111
1111111111110000000000000011111111111111
1111111111110000000000000011111111111111
1111111111110000000000000011111111111111
1111111111111000000000000011111111111111
1111111111111000000000000011111111111111
1111111111111100000000000011111111111111
1111111111111110000000000011111111111111
1111111111111110000000000111111101111111
1111111111111111000000000111111111111111
1111111111111111000000000111111111111111
1111111111111111100000000011111111111111
0101111111111111000000000011111111111100
0100000011111111100000000000101111111111
0111100011111110110000000000111111111111
1111111111111110110000000000011111111111
1011111111111101110000000000111111000001
1111111111111111000000000000011100000001
1111101111111110000000000000011000000000
1111101111111111000000000000010000000001
1101111111111111110000000001000000000000
1111110111111100000001000111000111000000
1111110111011111010000001000001000000000
1110111110011111111100000000000000000000
1000011010000111111100001000010011010000
0000001110000001111110011011011110000000

